1 25162U 98008A   20139.83678868 -.00000157  00000-0 -46384-3 0  9993
2 25162  52.0050 332.8192 0001254 359.6886  13.6638 12.38119974 13999
1 25163U 98008B   20139.86881021 -.00000070  00000-0  18674-3 0  9998
2 25163  52.0001 313.6700 0004032 131.3651  15.4217 12.63290595 27287
1 25164U 98008C   20139.64999658 -.00000063  00000-0  27302-3 0  9991
2 25164  52.0000 212.4808 0000816 342.3720  17.7072 11.61474478968525
1 25165U 98008D   20139.79797806 -.00000187  00000-0 -10458-2 0  9990
2 25165  51.9894 268.4355 0008061 149.4518 327.2212 12.11984421  8344
1 25306U 98023A   20139.59915934 -.00000046  00000-0  58211-3 0  9999
2 25306  51.9808 174.8067 0000923 195.5991 313.2727 11.65434582974829
1 25307U 98023B   20139.26218562 -.00000052  00000-0  48619-3 0  9995
2 25307  51.9902 158.7779 0003739   0.0065  58.3494 11.58127729  1908
1 25308U 98023C   20139.56769675 -.00000047 +00000-0 +59929-3 0  9995
2 25308 051.9787 171.5647 0012117 015.3460 103.7887 11.48840742980795
1 25309U 98023D   20139.52370904 -.00000090 +00000-0 +44360-4 0  9997
2 25309 051.9949 177.6004 0002722 225.7903 282.2744 12.35985824008604
1 25621U 99004A   20139.75929292 -.00000062  00000-0  23272-3 0  9996
2 25621  52.0113 302.4841 0009578 351.6981  83.9147 12.62384918981479
1 25622U 99004B   20139.57486699 -.00000096  00000-0  43673-4 0  9991
2 25622  51.9920 304.5027 0000692 152.0713 288.6903 12.61900297981272
1 25623U 99004C   20139.36821791 -.00000098 +00000-0 -21526-3 0  9990
2 25623 051.9964 091.5689 0011367 097.5871 075.1949 11.86563878958669
1 25624U 99004D   20139.15683743 -.00000073 +00000-0 +18392-3 0  9990
2 25624 051.9998 016.2203 0002346 114.3801 025.4335 12.32445348973501
1 25649U 99012A   20139.82292545 -.00000064  00000-0  27419-3 0  9996
2 25649  52.0045 294.2893 0003317 106.3992 352.8176 12.02440521953252
1 25650U 99012B   20139.69051759 -.00000077  00000-0  10969-3 0  9999
2 25650  51.9998 119.5069 0002924 291.2519  68.8005 11.96610338956395
1 25651U 99012C   20139.77832157 -.00000060  00000-0  31125-3 0  9997
2 25651  52.0061 312.2381 0003016 131.8028 303.5045 12.09344434959511
1 25652U 99012D   20139.35617983 -.00000137  00000-0 -18425-3 0  9994
2 25652  52.0017  75.0332 0002528  42.0118 109.2454 12.62332175976942
1 25676U 99019A   20139.61163420 -.00000094  00000-0 -54297-5 0  9999
2 25676  51.9954 193.5258 0000268  76.4879  89.5490 12.26970484965852
1 25677U 99019B   20139.88886682  .00000008  00000-0  10259-2 0  9991
2 25677  51.9860 192.7233 0001337 168.6356   2.3958 12.13817333960019
1 25678U 99019C   20139.72287064 -.00000094  00000-0 -14055-3 0  9990
2 25678  51.9970 272.4410 0006693  69.8837  22.2197 11.90192140950360
1 25679U 99019D   20139.59673985 -.00000089  00000-0  33681-4 0  9997
2 25679  52.0011 248.9226 0003185  92.0268 281.9875 12.22016893958463
1 25770U 99031A   20139.04623697 -.00000050 +00000-0 +54547-3 0  9999
2 25770 051.9778 139.0347 0001526 260.2002 169.1911 11.22529323273261
1 25771U 99031B   20139.52885499 -.00000033 +00000-0 +11034-2 0  9997
2 25771 051.9883 079.4035 0002299 175.0085 185.0735 11.12086019910967
1 25772U 99031C   20138.45418155 -.00000075 +00000-0 -13898-3 0  9998
2 25772 051.9831 256.2025 0015621 313.8958 046.0557 11.31898642260857
1 25773U 99031D   20139.46196634 -.00000029 +00000-0 +12360-2 0  9996
2 25773 051.9851 214.3470 0002093 323.0907 049.4569 11.15032194271503
1 25851U 99037A   20139.49998590 -.00000063 +00000-0 +26196-4 0  9995
2 25851 051.9943 233.2028 0014345 213.8854 157.9240 11.04513743891209
1 25852U 99037B   20139.52596033 -.00000057 +00000-0 +31272-3 0  9999
2 25852 051.9924 186.3913 0003341 306.9290 053.1203 11.19043506927030
1 25853U 99037C   20139.49491661 -.00000069 +00000-0 +71993-4 0  9995
2 25853 051.9774 197.3732 0001517 200.7009 159.3741 11.42173171920337
1 25854U 99037D   20139.39550866 -.00000057 +00000-0 +38048-3 0  9998
2 25854 051.9851 121.6657 0003348 307.5393 052.5119 11.55065486935585
1 25872U 99041A   20139.21873733 -.00000078 +00000-0 -20478-3 0  9997
2 25872 051.9389 061.2823 0012788 210.9731 297.7071 11.33821750914684
1 25873U 99041B   20139.15337230 -.00000104 +00000-0 -14672-2 0  9996
2 25873 052.0040 011.4091 0001306 075.7618 067.0329 11.06781505943151
1 25874U 99041C   20139.31341199 -.00000069 +00000-0 -35086-4 0  9998
2 25874 051.9395 094.7805 0012232 027.7328 120.5995 11.25673253913876
1 25875U 99041D   20139.71888264 -.00000057  00000-0  28193-3 0  9998
2 25875  51.9634 325.2458 0063295   3.7019 356.4298 12.50502636958066
1 25883U 99043A   20139.46226858 -.00000081 +00000-0 -58930-3 0  9996
2 25883 052.0020 247.6645 0001065 266.9396 185.8636 11.10145080908773
1 25884U 99043B   20139.61637045 -.00000022 +00000-0 +15509-2 0  9996
2 25884 052.0213 272.7922 0021614 231.7408 128.1440 11.04359117936226
1 25885U 99043C   20138.89334542 -.00000058 +00000-0 +33064-3 0  9998
2 25885 052.0165 353.1134 0005106 169.9178 203.1202 11.39188540907783
1 25886U 99043D   20139.51724481 -.00000046 +00000-0 +66340-3 0  9994
2 25886 051.9960 195.8021 0003686 169.9865 288.3217 11.27638068910175
1 25907U 99049A   20138.89256389 -.00000110  00000-0 -34523-3 0  9992
2 25907  51.9969  25.5924 0001283 278.0783  81.9906 11.93130891931169
1 25908U 99049B   20139.54984681 -.00000079 +00000-0 +99805-4 0  9997
2 25908 051.9961 170.1497 0009141 292.0983 188.2952 12.07389676924047
1 25909U 99049C   20139.79191644 -.00000024  00000-0  65334-3 0  9993
2 25909  51.9884 169.4257 0012274  81.9520 278.2719 12.20229380941950
1 25910U 99049D   20139.74387462 -.00000106  00000-0 -10127-3 0  9997
2 25910  52.0020 270.5881 0006884 231.1497 128.8740 12.29353577940290
1 25943U 99058A   20139.30243402 -.00000091 +00000-0 +20812-4 0  9995
2 25943 051.9973 214.6516 0003164 152.5392 207.5625 12.24734686939523
1 25944U 99058B   20139.88192249 -.00000034  00000-0  65022-3 0  9999
2 25944  51.9993 186.1014 0001206 255.2415 275.9530 11.99935185940067
1 25945U 99058C   20138.99093344 -.00000102 +00000-0 -17006-3 0  9993
2 25945 051.9960 238.1225 0001478 112.1420 059.3382 12.04729310938943
1 25946U 99058D   20139.04271586 -.00000029  00000-0  61977-3 0  9990
2 25946  51.9959 241.2699 0001108  36.2161 134.2757 12.15962880938975
1 25961U 99062A   20139.79299673 -.00000071  00000-0  18349-3 0  9993
2 25961  51.9818 159.1829 0002763 203.6055 156.4685 12.62218299945938
1 25962U 99062B   20139.53760250 -.00000057 +00000-0 +37313-3 0  9996
2 25962 051.9840 154.7008 0014207 135.9173 034.9905 11.79394486919428
1 25963U 99062C   20139.25415894 -.00000081 +00000-0 +62306-4 0  9995
2 25963 051.9814 077.3883 0003000 063.1758 085.0430 11.99843421946320
1 25964U 99062D   20139.79995645 -.00000080  00000-0  94900-5 0  9997
2 25964  51.9804 313.4843 0006708  81.9617 291.5771 11.76728304903041
1 26081U 00008A   20139.54278517 -.00000120 +00000-0 -55100-3 0  9998
2 26081 051.9964 318.4038 0004598 011.7026 022.3326 11.86123247937375
1 26082U 00008B   20139.75758729 -.00000066  00000-0  23118-3 0  9992
2 26082  51.9818 151.4255 0006609 107.3408  63.7510 12.43367157928302
1 26083U 00008C   20139.60709997 -.00000186 +00000-0 -95024-3 0  9999
2 26083 052.0008 209.4648 0002757 313.6054 224.9761 12.17573245926490
1 26084U 00008D   20139.86148036 -.00000117  00000-0 -47614-3 0  9995
2 26084  52.0038  78.2721 0001806  78.5385 281.5651 11.88484137946606
1 31571U 07020A   20139.20115391 -.00000104 +00000-0 -28483-5 0  9990
2 31571 051.9892 116.6086 0001319 353.6944 022.0049 12.62265847599383
1 31573U 07020C   20139.56552603 -.00000107 +00000-0 -18342-4 0  9997
2 31573 051.9963 071.5816 0001571 025.9132 144.9985 12.62269076600229
1 31574U 07020D   20139.56068375 -.00000065 +00000-0 +21796-3 0  9994
2 31574 052.0058 166.1981 0001246 265.2414 263.6684 12.62264538598614
1 31576U 07020F   20139.35026947 -.00000104 +00000-0 +12752-5 0  9990
2 31576 052.0075 076.2371 0001970 003.2420 149.0485 12.62266918261572
1 32263U 07048A   20139.18550002 -.00000088  00000-0  70618-4 0  9994
2 32263  51.9744  66.2520 0001379  11.8517 135.8130 12.40592017579364
1 32264U 07048B   20139.09846559 -.00000107  00000-0 -15187-4 0  9993
2 32264  51.9774  22.4972 0002080  58.7755  88.4605 12.62267823580244
1 32265U 07048C   20139.77151361 -.00000091  00000-0  69081-4 0  9992
2 32265  51.9671 243.1276 0001741 161.4057   6.2826 12.62266750582557
1 32266U 07048D   20139.58317029 -.00000072  00000-0  17503-3 0  9997
2 32266  51.9870 198.0559 0000648 340.4059 184.8441 12.62716557583414
1 37188U 10054A   20139.44462384 -.00000106 +00000-0 -13223-4 0  9991
2 37188 052.0061 028.9754 0000972 088.0012 083.5838 12.62268669442299
1 37189U 10054B   20138.89644193 -.00000105  00000-0 -40466-5 0  9999
2 37189  52.0040  30.2561 0000964  88.7178 350.5207 12.62270734442709
1 37190U 10054C   20139.78351891 -.00000094  00000-0  53022-4 0  9997
2 37190  52.0053  27.5564 0000812 114.1556 277.0641 12.62275213442828
1 37191U 10054D   20139.52948161 -.00000089 +00000-0 +84953-4 0  9993
2 37191 052.0086 344.6566 0000849 105.1639 271.4599 12.62266148443077
1 37192U 10054E   20139.58984514 -.00000111 +00000-0 -39248-4 0  9996
2 37192 051.9960 071.4285 0000620 093.6044 077.4336 12.62266943441881
1 37193U 10054F   20139.87129005 -.00000090  00000-0  77976-4 0  9990
2 37193  52.0074 342.9872 0000852 102.6622 269.1777 12.62268814443585
1 37739U 11033A   20139.83508659 -.00000086  00000-0  97614-4 0  9992
2 37739  51.9861 294.3602 0001010  99.9684  48.0298 12.62264918412902
1 37740U 11033B   20139.89306622 -.00000089  00000-0  80177-4 0  9995
2 37740  51.9716 201.2379 0000553 135.4180  36.2560 12.62266616408384
1 37741U 11033C   20139.82722852 -.00000082  00000-0  12317-3 0  9999
2 37741  51.9971 161.6710 0000189  93.7114  77.0948 12.62267591409134
1 37742U 11033D   20139.33365373 -.00000094 +00000-0 +54167-4 0  9990
2 37742 051.9850 115.8509 0000466 047.8415 099.9278 12.62266052409657
1 37743U 11033E   20139.27796317 -.00000100 +00000-0 +20726-4 0  9992
2 37743 051.9939 117.6625 0000511 086.0856 048.2723 12.62267822409670
1 37744U 11033F   20139.76700821 -.00000113  00000-0 -51979-4 0  9991
2 37744  51.9940  70.7519 0000436  42.0464 334.7549 12.62265705410621
1 38040U 11080A   20139.18043468 -.00000102 +00000-0 +10335-4 0  9994
2 38040 052.0011 298.8526 0000643 133.4137 037.3589 12.62269230388491
1 38041U 11080B   20139.75283398 -.00000107  00000-0 -18012-4 0  9992
2 38041  52.0063 298.0636 0000689 135.5900 238.0838 12.62262520388610
1 38042U 11080C   20139.45556970 -.00000109  00000-0 -26679-4 0  9999
2 38042  52.0074 254.2212 0000792 108.2239 292.8755 12.62266804389317
1 38043U 11080D   20139.81909404 -.00000076  00000-0  15756-3 0  9999
2 38043  52.0096 343.3860 0000609  78.4596 294.7457 12.62267368387855
1 38044U 11080E   20139.55467684 -.00000097  00000-0  35304-4 0  9995
2 38044  51.9887 250.1184 0000696 127.6518 245.4232 12.62264140389315
1 38045U 11080F   20139.77289899 -.00000115  00000-0 -60184-4 0  9996
2 38045  51.9894 249.8609 0001739 170.3239 354.8577 12.62274320389346
1 39072U 13005A   20139.44649636 -.00000105  00000-0 -93087-5 0  9997
2 39072  52.0028 163.5070 0000511 144.8670 215.2231 12.62264722336539
1 39073U 13005B   20139.49903917 -.00000103 +00000-0 +33679-5 0  9996
2 39073 051.9791 159.6237 0000567 106.9297 253.1632 12.62267146336507
1 39074U 13005C   20139.73675079 -.00000109  00000-0 -27763-4 0  9992
2 39074  51.9970  71.4266 0000706  72.1384 287.9559 12.62264514338079
1 39075U 13005D   20139.43322227 -.00000092  00000-0  67011-4 0  9994
2 39075  52.0056 119.4135 0000441  73.5546 286.5369 12.62272434337282
1 39076U 13005E   20139.72385640 -.00000072  00000-0  17640-3 0  9995
2 39076  51.9860 205.5669 0000957  57.3636 302.7323 12.62278871335803
1 39077U 13005F   20139.27471880 -.00000094 +00000-0 +53972-4 0  9991
2 39077 051.9789 205.0541 0000698 085.5954 274.4992 12.62266766335735
